2
3
520
10
84
2
282
15
84
12
2074
102
362
268
71
168
206
29
702
1440
96
727
283
856
1
349
0
318
328
40
623
894
64
2
79
12
20
151
253
514
103
3502
454
222
22
58
139
71
103
704
4
129
32
8
446
499
61
2873
389
54
457
52
1036
12
197
77
21
1971
21
109
415
90
88
11
369
78
9392
2
91
489
664
1824
1252
230
429
232
241
134
10146
119
20
1032
986
342
2473
622
861
10038
386
191
228
149
230
577
7
11
153
408
110
78
153
37
400
0
357
99
436
1556
265
293
50
246
482
556
42
0
1
259
51
703
62
212
121
60
322
269
2455
80
109
26
151
195
10
268
342
69
15
0
592
498
757
51
0
12
395
55
809
5
80
63
195
1205
193
396
544
640
11
1400
75
395
94
55
162
25
442
294
26
586
701
12
38
396
19
345
160
1733
239
750
407
79
417
1399
565
156
860
121
812
123
569
771
