number of all words
0
715
0
2164
0
0
68
0
0
0
0
0
249
0
0
0
3303
0
0
0
641
0
879
0
0
0
270
0
0
0
0
1835
0
0
0
0
12
47
0
0
0
0
0
51
6236
382
0
12
0
2646
0
0
0
1878
0
3348
0
586
0
0
0
1543
1936
169
0
11
51
1250
0
0
0
12
0
0
0
68
0
0
0
0
0
1803
0
0
0
6671
0
1414
0
398
0
0
0
0
12
0
0
0
0
50
0
0
0
0
0
0
176
0
0
0
115
0
0
0
0
0
0
0
0
0
0
68
0
0
0
1743
0
652
0
260
0
0
0
0
0
0
0
1278
0
0
115
0
0
19
0
11
0
1209
0
0
0
68
0
0
0
68
0
0
550
11
0
185
2939
0
0
11
0
0
1743
0
4948
1440
571
0
0
68
1546
0
0
0
177
0
0
12
0
0
0
0
191
0
0
0
0
11
362
0
0
0
12
1707
1554
0
0
0
1083
0
0
0
0
12
0
0
0
0
0
1646
0
0
0
1
0
0
0
0
0
0
0
0
0
11
0
0
6
0
865
0
0
0
379
0
464
32
6
0
12
0
417
0
0
0
0
0
0
0
0
0
0
0
0
0
0
163
151
246
0
0
68
0
0
0
0
0
0
0
0
0
0
1548
1449
0
0
4734
0
0
1379
519
0
0
0
29
0
68
0
0
0
68
2086
0
0
0
0
268
0
0
0
12
0
0
0
0
750
348
0
0
1297
0
0
734
0
0
68
11
0
0
0
0
0
0
1017
0
0
76
12
0
0
861
0
0
0
0
0
0
934
0
0
0
0
0
6
0
0
0
1779
0
0
0
0
0
0
0
0
0
0
0
12
0
0
0
0
0
0
0
0
0
1082
0
0
0
11
68
0
0
0
12
1410
0
0
0
0
0
0
0
2420
0
0
0
68
0
12
0
1094
0
0
445
0
0
0
0
1736
12
0
1641
0
0
0
2262
0
0
0
0
696
0
0
0
0
0
533
0
392
0
0
172
0
0
0
0
0
0
0
0
12
0
579
0
0
0
0
0
516
0
2467
0
0
312
0
0
2963
286
0
226
177
0
0
911
95
0
0
0
0
0
0
0
0
0
0
1778
0
0
0
0
0
103
0
0
0
0
0
0
6
0
0
6
68
0
0
0
0
0
153
0
0
0
0
0
192
7523
0
0
1237
14046
0
72
68
0
0
0
0
0
0
1686
0
0
0
58
11
811
1398
0
0
12
12
0
0
6
0
0
566
1499
0
0
0
205
0
0
0
0
0
0
1861
1675
18
0
0
0
762
0
0
0
12
51
68
0
0
12
0
0
0
0
0
0
0
0
0
0
0
2884
0
0
1663
0
68
0
3449
0
0
2912
0
0
0
0
1057
0
535
2091
1006
0
0
0
0
1351
0
0
0
0
0
0
4867
0
0
1441
1077
162
6
0
0
0
0
0
0
166
0
217
176
0
0
0
491
0
32
0
0
12
0
1328
0
0
0
0
0
174
0
0
0
197
0
0
0
12
0
647
0
1258
0
0
421
814
1347
0
2576
0
0
0
0
0
0
1728
1156
68
0
0
0
0
0
0
756
0
0
0
454
0
1384
0
0
0
0
1242
0
0
0
0
0
0
0
18
18
12
0
0
0
0
0
0
11
167
0
0
1225
0
0
0
12
0
0
0
0
0
829
1721
0
0
0
0
0
0
0
32
0
0
0
6
0
1077
0
0
0
0
0
0
0
0
1076
0
0
0
0
1055
0
1669
12
0
6
0
0
9538
0
0
0
0
0
0
0
18
1356
0
0
0
0
885
909
0
0
0
0
0
0
410
0
0
0
0
0
0
0
58
0
68
324
12
606
0
0
12
0
178
556
2855
0
401
0
970
1696
0
2915
1517
12
0
6550
0
0
0
1649
0
0
693
0
0
0
0
0
0
0
0
0
0
0
816
0
0
10
1365
0
4598
0
200
0
0
0
0
790
2063
0
1248
6
0
71
259
0
0
0
0
12
12
0
0
292
0
0
179
0
0
0
0
0
0
1644
0
0
0
0
1339
415
0
12
171
0
0
0
0
0
0
0
1701
0
0
0
0
0
0
0
0
11
0
518
0
0
0
0
68
0
0
0
0
0
0
0
0
0
0
190
68
0
0
0
0
2150
1152
0
8139
0
0
0
0
0
568
0
1666
0
0
0
0
231
0
1206
0
0
0
0
186
0
730
0
0
0
624
0
0
0
6
0
0
0
0
384
1897
1987
0
0
0
61
0
0
0
0
0
0
1274
0
0
0
0
917
0
0
0
11
0
0
1108
0
0
0
0
0
0
0
0
0
12
0
0
164
0
0
0
0
502
0
0
0
720
